120 p8 2
120 3 5
71 2 20
71 3 5
96 p8 5
46 2 10
96 2 50
46 5 50
71 p2 20
96 5 20
46 p5 20
96 3 3
46 1 30
120 3 3
96 5 5
46 p5 30
46 p8 5
71 p8 3
71 p5 1
120 p8 10
46 3 20
71 p3 3
120 3 2
120 2 30
120 5 50
120 p08 1
46 2 2
46 p1 90
96 2 10
46 5 10
46 p08 90
46 p5 50
46 p08 30
96 p3 50
96 p1 3
46 p05 50
46 p05 20
46 p1 2
71 p3 50
46 2 3
71 3 50
71 p3 20
46 p1 5
71 p3 1
120 p2 5
120 2 5
96 p1 10
120 1 10
71 p08 3
120 p2 2
120 p3 3
46 p2 10
71 1 20
71 p08 10
71 3 1
96 1 50
120 5 20
71 p2 1
120 2 50
71 p05 2
96 p8 20
71 p08 1
120 p3 5
120 p1 30
71 3 10
71 5 3
46 3 70
46 p2 50
96 p3 30
46 p08 70
46 p08 10
96 p05 30
120 1 30
46 2 5
96 5 1
120 p2 10
71 2 30
120 p05 2
46 p05 90
46 2 20
46 p05 30
71 p1 1
120 1 3
96 p05 10
120 p1 50
96 5 30
96 p05 5
71 p1 2
71 p05 5
120 p08 10
96 p08 10
96 p08 5
71 p1 3
96 1 10
46 p2 90
46 p2 3
71 p05 30
96 p3 2
96 5 2
96 p08 3
71 p5 5
71 p2 10
46 3 3
120 p8 1
71 p5 30
46 p3 70
46 3 30
120 p08 30
71 p05 3
120 p5 30
71 p05 8
120 1 5
71 5 5
71 1 5
96 2 20
46 5 20
120 p8 3
96 5 3
96 1 3
96 p1 20
120 p5 50
46 p3 30
46 p08 5
46 p08 2
96 p2 30
120 5 1
46 p5 10
46 p05 1
46 3 5
71 p5 20
120 2 2
120 p8 20
46 p8 20
46 2 70
71 5 50
96 p8 1
120 p05 20
71 1 30
46 2 1
46 1 90
120 5 2
96 1 5
71 3 20
71 p8 30
46 p3 90
96 3 50
96 p8 30
71 1 8
96 p2 20
120 3 1
71 2 5
46 p5 3
46 2 30
71 5 10
46 p3 2
120 p1 5
46 5 70
96 p5 5
96 p1 5
71 p5 10
96 2 3
46 p08 3
120 p1 2
46 1 50
120 p2 3
120 3 50
71 5 1
96 1 20
71 1 1
46 p05 5
46 p2 30
46 p05 2
96 p2 3
46 p3 50
120 p3 1
120 2 1
96 p1 50
46 p5 5
46 p1 20
96 p1 30
96 3 10
71 p1 50
71 5 2
96 p5 1
71 1 2
96 2 30
46 5 30
46 p2 70
120 p1 10
96 p2 10
120 p2 20
120 1 1
96 p8 50
120 2 10
120 p5 5
46 3 1
46 1 10
46 p3 10
120 p5 2
46 p8 10
96 2 5
46 p8 30
71 p8 50
96 p05 2
96 p3 20
96 p05 50
46 p8 50
71 p3 5
71 p3 30
96 p2 2
96 p08 2
71 1 3
96 p08 50
120 p08 2
71 p5 8
120 p3 50
71 p3 2
120 5 30
96 1 1
46 3 2
46 p08 1
96 p08 30
120 p3 20
96 p5 2
46 p05 3
71 p8 8
96 p3 1
120 2 3
120 p5 10
46 p2 20
71 2 1
96 p8 2
46 p1 30
46 p8 1
71 p08 20
71 p2 3
96 1 2
46 p8 3
46 p3 3
71 3 30
46 3 90
71 p3 10
120 5 5
96 p5 50
71 p08 2
96 p2 1
71 p8 10
46 5 5
46 1 5
71 2 50
120 1 20
71 p05 10
71 5 20
71 2 2
96 p5 3
71 p5 50
71 p08 50
96 5 50
120 1 2
120 p05 1
120 p8 30
71 p05 1
96 1 30
96 p1 1
71 p08 5
96 3 5
120 p08 3
71 p2 30
71 p2 5
71 2 3
46 3 50
71 p08 30
120 p8 50
120 p05 3
96 3 20
71 p8 20
96 p5 10
46 p5 70
120 5 10
96 2 1
46 p1 10
46 p3 20
71 2 10
120 p1 1
120 p08 20
120 p08 5
96 p3 5
71 p08 8
96 5 10
71 p05 20
46 p2 2
46 p5 1
46 1 20
120 p05 5
96 p2 50
71 p8 5
46 p5 90
46 p1 70
120 p1 3
96 2 2
120 2 20
46 p5 2
46 3 10
46 p3 5
71 p2 50
120 p2 1
96 p5 20
120 5 3
120 p3 2
71 p05 50
46 p8 2
46 2 90
71 3 2
71 p5 3
120 p5 1
71 1 50
46 p1 3
46 5 1
46 1 1
71 p1 10
120 p1 20
120 p05 10
120 p2 30
96 p05 3
71 p1 20
46 p3 1
96 p8 3
71 p1 30
71 p1 5
71 3 3
96 p3 3
96 p05 1
120 p5 3
120 p3 10
120 1 50
96 p5 30
96 p08 1
71 p8 1
120 3 30
96 p1 2
96 3 1
46 5 2
120 p2 50
46 1 2
46 p1 50
96 p05 20
71 p2 2
46 2 50
120 p05 30
71 5 30
46 5 90
96 p08 20
71 p1 8
46 p2 1
96 p2 5
120 3 20
120 p3 30
71 p2 8
71 1 10
46 1 70
96 p3 10
71 p5 2
71 p3 8
120 p08 50
96 p8 10
120 3 10
46 p08 50
46 p08 20
96 3 2
46 5 3
120 p5 20
120 p05 50
46 p8 70
46 1 3
120 p8 5
46 p8 90
46 p05 70
46 p1 1
71 p8 2
46 p2 5
96 3 30
46 p05 10
